0 1468 score
1 1469 5.000
2 1470 4.750
3 1471 5.000
4 1472 2.400
5 1473 2.750
6 1474 2.615
7 1475 5.000
8 1476 2.333
9 1477 3.750
10 1478 5.000
11 1479 3.200
12 1480 1.583
13 1481 5.000
14 1482 5.000
15 1483 4.909
16 1484 0.800
17 1485 2.400
18 1486 5.000
19 1487 4.000
20 1488 0.636
21 1489 3.000
22 1490 1.714
23 1491 3.200
24 1492 2.167
25 1493 1.000
26 1494 1.917
27 1495 4.250
28 1496 3.000
29 1497 1.000
30 1498 0.600
31 1499 2.600
32 1500 5.000
33 1501 4.600
34 1502 5.000
35 1503 4.800
36 1504 3.800
37 1505 5.000
38 1506 5.000
39 1507 4.200
40 1508 1.400
41 1509 3.600
42 1510 2.800
43 1511 1.600
44 1512 3.000
45 1513 1.400
46 1514 0.250
47 1515 0.250
48 1516 0.000
49 1517 4.000
50 1518 4.500
51 1519 0.500
52 1520 3.800
53 1521 4.800
54 1522 5.000
55 1523 0.250
56 1524 1.200
57 1525 0.600
58 1526 0.800
59 1527 3.800
60 1528 0.000
61 1529 3.500
62 1530 4.500
63 1531 2.800
64 1532 3.800
65 1533 3.800
66 1534 0.000
67 1535 4.000
68 1536 4.250
69 1537 2.812
70 1538 4.250
71 1539 3.000
72 1540 1.000
73 1541 3.750
74 1542 0.000
75 1543 0.400
76 1544 4.000
77 1545 2.800
78 1546 3.750
79 1547 1.154
80 1548 2.750
81 1549 2.800
82 1550 0.000
83 1551 0.000
84 1552 3.400
85 1553 5.000
86 1554 0.800
87 1555 2.250
88 1556 2.750
89 1557 4.500
90 1558 2.600
91 1559 3.800
92 1560 2.800
93 1561 1.600
94 1562 0.000
95 1563 1.333
96 1564 2.600
97 1565 0.600
98 1566 0.000
99 1567 0.000
100 1568 3.000
101 1569 0.000
102 1570 0.200
103 1571 3.200
104 1572 2.000
105 1573 0.000
106 1574 3.000
107 1575 3.091
108 1576 2.750
109 1577 1.200
110 1578 0.500
111 1579 0.250
112 1580 0.000
113 1581 0.000
114 1582 0.500
115 1583 0.000
116 1584 0.600
117 1585 4.000
118 1586 3.400
119 1587 0.000
120 1588 0.000
121 1589 1.000
122 1590 0.000
123 1591 2.400
124 1592 0.400
125 1593 1.800
126 1594 2.500
127 1595 0.083
128 1596 0.000
129 1597 1.000
130 1598 4.500
131 1599 0.000
132 1600 3.600
133 1601 5.000
134 1602 5.000
135 1603 5.000
136 1604 5.000
137 1605 3.800
138 1606 5.000
139 1607 2.500
140 1608 3.824
141 1609 1.600
142 1610 5.000
143 1611 5.000
144 1612 2.375
145 1613 5.000
146 1614 1.250
147 1615 1.250
148 1616 3.000
149 1617 2.167
150 1618 1.400
151 1619 4.000
152 1620 3.600
153 1621 4.857
154 1622 0.400
155 1623 0.200
156 1624 1.300
157 1625 1.200
158 1626 1.200
159 1627 4.400
160 1628 1.800
161 1629 1.400
162 1630 0.400
163 1631 4.400
164 1632 3.250
165 1633 0.778
166 1634 2.250
167 1635 2.750
168 1636 2.000
169 1637 0.833
170 1638 3.750
171 1639 1.800
172 1640 4.333
173 1641 4.214
174 1642 0.000
175 1643 3.400
176 1644 4.200
177 1645 0.800
178 1646 4.200
179 1647 2.750
180 1648 2.200
181 1649 1.200
182 1650 1.000
183 1651 1.533
184 1652 0.200
185 1653 3.000
186 1654 3.800
187 1655 0.750
188 1656 3.000
189 1657 0.400
190 1658 3.400
191 1659 3.800
192 1660 1.400
193 1661 3.400
194 1662 3.200
195 1663 2.333
196 1664 0.800
197 1665 0.000
198 1666 3.000
199 1667 3.750
200 1668 0.000
201 1669 0.000
202 1670 0.000
203 1671 0.500
204 1672 0.500
205 1673 0.400
206 1674 0.750
207 1675 2.500
208 1676 1.800
209 1677 2.500
210 1678 0.500
211 1679 0.400
212 1680 1.200
213 1681 2.750
214 1682 0.400
215 1683 0.600
216 1684 0.800
217 1685 3.000
218 1686 0.400
219 1687 3.200
220 1688 1.250
221 1689 5.000
222 1690 0.200
223 1691 3.000
224 1692 1.400
225 1693 3.800
226 1694 2.750
227 1695 0.000
228 1696 2.800
229 1697 0.000
230 1698 0.000
231 1699 2.600
232 1700 0.100
233 1701 0.000
234 1702 2.000
235 1703 3.750
236 1704 3.100
237 1705 2.692
238 1706 4.429
239 1707 5.000
240 1708 0.000
241 1709 0.800
242 1710 1.333
243 1711 0.000
244 1712 0.600
245 1713 0.000
246 1714 0.000
247 1715 0.000
248 1716 3.400
249 1717 2.200
250 1718 0.000
251 1719 3.6
252 1720 0
253 1721 1.4
254 1722 2.2
255 1723 3.8
256 1724 2.6
257 1725 0.4
258 1726 4
259 1727 2.25
260 1728 3.2
261 1729 0
262 1730 0.4
263 1731 3.8
264 1732 0.8
265 1733 4.2
266 1734 3.6
267 1735 2
268 1736 4.2
269 1737 3.4
270 1738 3
271 1739 3.4
272 1740 3.6
273 1741 3
274 1742 2.4
275 1743 2
276 1744 4
277 1745 0
278 1746 4
279 1747 4.2
280 1748 0.8
281 1749 2.2
282 1750 3.8
283 1751 3.2
284 1752 4.4
285 1753 0
286 1754 1.4
287 1755 2.6
288 1756 0.4
289 1757 0
290 1758 3.2
291 1759 4.6
292 1760 0
293 1761 0.6
294 1762 1.2
295 1763 3.8
296 1764 3.2
297 1765 2.6
298 1766 5
299 1767 0
300 1768 3.2
301 1769 4
302 1770 1.2
303 1771 4.4
304 1772 3.4
305 1773 4.4
306 1774 0.8
307 1775 4.6
308 1776 4.2
309 1777 0
310 1778 3.2
311 1779 0
312 1780 1.4
313 1781 3.2
314 1782 1.8
315 1783 1.8
316 1784 0
317 1785 3.8
318 1786 3.8
319 1787 4
320 1788 0
321 1789 3.2
322 1790 1.6
323 1791 3.6
324 1792 1
325 1793 3.6
326 1794 2
327 1795 3.6
328 1796 4
329 1797 3.6
330 1798 3.2
331 1799 2.8
332 1800 2.4
333 1801 3.6
334 1802 1.8
335 1803 0.2
336 1804 3.4
337 1805 1.2
338 1806 1.4
339 1807 2.6
340 1808 2.4
341 1809 0
342 1810 4
343 1811 3
344 1812 4
345 1813 4
346 1814 2
347 1815 4
348 1816 2.2
349 1817 2.2
350 1818 3.4
351 1819 3.2
352 1820 4
353 1821 3.2
354 1822 3.8
355 1823 3
356 1824 4
357 1825 2.2
358 1826 3.4
359 1827 3.8
360 1828 0
361 1829 0
362 1830 4.8
363 1831 3
364 1832 0.8
365 1833 4.2
366 1834 4.2
367 1835 0
368 1836 4.2
369 1837 4.60
370 1838 5.00
371 1839 0.00
372 1840 3.20
373 1841 2.60
374 1842 2.20
375 1843 4.60
376 1844 5.00
377 1845 4.60
378 1846 4.60
379 1847 4.80
380 1848 0.60
381 1849 0.20
382 1850 2.20
383 1851 4.80
384 1852 1.20
385 1853 2.20
386 1854 4.60
387 1855 2.60
388 1856 3.60
389 1857 0.80
390 1858 2.40
391 1859 4.80
392 1860 5.00
393 1861 0.40
394 1862 3.20
395 1863 1.80
396 1864 3.20
397 1865 3.40
398 1866 4.80
399 1867 4.20
400 1868 2.60
401 1869 2.20
402 1870 1.40
403 1871 2.60
404 1872 1.20
405 1873 1.80
406 1874 4.00
407 1875 0.40
408 1876 0.00
409 1877 0.40
410 1878 3.00
411 1879 4.00
412 1880 1.40
413 1881 0.40
414 1882 2.40
415 1883 2.80
416 1884 4.60
417 1885 4.20
418 1886 3.20
419 1887 1.20
420 1888 1.80
421 1889 2.60
422 1890 1.60
423 1891 0.00
424 1892 3.80
425 1893 4.00
426 1894 4.80
427 1895 2.40
428 1896 5.00
429 1897 0.00
430 1898 3.60
431 1899 2.40
432 1900 4.20
433 1901 0.20
434 1902 4.20
435 1903 3.20
436 1904 0.60
437 1905 1.60
438 1906 0.00
439 1907 1.40
440 1908 4.80
441 1909 4.00
442 1910 3.00
443 1911 0.20
444 1912 1.60
445 1913 4.40
446 1914 4.80
447 1915 0.40
448 1916 2.40
449 1917 3.00
450 1918 2.00
451 1919 4.60
452 1920 1.00
453 1921 5.00
454 1922 1.40
455 1923 0.00
456 1924 3.00
457 1925 0.60
458 1926 0.00
459 1927 2.60
460 1928 1.20
461 1929 5.00
462 1930 3.40
463 1931 0.80
464 1932 0.80
465 1933 1.00
466 1934 0.00
467 1935 0.00
468 1936 2.00
469 1937 2.40
470 1938 2.20
471 1939 3.80
472 1940 2.20
473 1941 4.60
474 1942 2.80
475 1943 2.00
476 1944 4.20
477 1945 4.50
478 1946 0.00
479 1947 1.80
480 1948 4.20
481 1949 4.20
482 1950 1.40
483 1951 3.60
484 1952 0.60
485 1953 5.00
486 1954 0.80
487 1955 0.00
488 1956 0.00
489 1957 1.80
490 1958 0.80
491 1959 2.80
492 1960 0.00
493 1961 0.80
494 1962 1.80
495 1963 1.40
496 1964 1.80
497 1965 2.40
498 1966 1.60
499 1967 3.80
500 1968 4.80
501 1969 0.200000
502 1970 1.000000
503 1971 0.400000
504 1972 0.400000
505 1973 4.000000
506 1974 3.400000
507 1975 3.000000
508 1976 1.800000
509 1977 2.200000
510 1978 3.600000
511 1979 0.400000
512 1980 0.200000
513 1981 3.800000
514 1982 4.200000
515 1983 1.200000
516 1984 3.400000
517 1985 2.400000
518 1986 3.200000
519 1987 2.200000
520 1988 4.400000
521 1989 2.600000
522 1990 0.200000
523 1991 3.200000
524 1992 2.200000
525 1993 5.000000
526 1994 5.000000
527 1995 2.200000
528 1996 0.400000
529 1997 1.000000
530 1998 2.200000
531 1999 2.000000
532 2000 1.200000
533 2001 4.000000
534 2002 1.000000
535 2003 4.200000
536 2004 3.400000
537 2005 4.000000
538 2006 4.800000
539 2007 0.400000
540 2008 4.400000
541 2009 0.400000
542 2010 0.000000
543 2011 3.000000
544 2012 4.600000
545 2013 0.400000
546 2014 1.400000
547 2015 3.000000
548 2016 1.600000
549 2017 2.400000
550 2018 0.000000
551 2019 1.600000
552 2020 1.600000
553 2021 0.200000
554 2022 2.200000
555 2023 2.000000
556 2024 0.400000
557 2025 4.800000
558 2026 2.000000
559 2027 0.200000
560 2028 3.800000
561 2029 2.200000
562 2030 2.000000
563 2031 4.000000
564 2032 4.600000
565 2033 1.400000
566 2034 0.800000
567 2035 0.600000
568 2036 1.200000
569 2037 1.600000
570 2038 0.000000
571 2039 0.600000
572 2040 3.000000
573 2041 2.400000
574 2042 0.600000
575 2043 4.600000
576 2044 0.600000
577 2045 4.800000
578 2046 5.000000
579 2047 0.200000
580 2048 0.600000
581 2049 0.800000
582 2050 3.600000
583 2051 0.000000
584 2052 4.400000
585 2053 4.600000
586 2054 2.800000
587 2055 4.000000
588 2056 1.000000
589 2057 5.000000
590 2058 0.400000
591 2059 0.800000
592 2060 0.400000
593 2061 0.000000
594 2062 1.600000
595 2063 1.600000
596 2064 3.600000
597 2065 3.000000
598 2066 2.800000
599 2067 0.200000
600 2068 1.000000
601 2069 1.400000
602 2070 2.800000
603 2071 3.000000
604 2072 1.600000
605 2073 2.800000
606 2074 4.000000
607 2075 0.800000
608 2076 2.000000
609 2077 4.400000
610 2078 4.600000
611 2079 2.400000
612 2080 4.400000
613 2081 0.800000
614 2082 3.800000
615 2083 1.400000
616 2084 2.800000
617 2085 3.000000
618 2086 1.600000
619 2087 1.000000
620 2088 2.600000
621 2089 1.600000
622 2090 0.200000
623 2091 3.000000
624 2092 3.000000
625 2093 3.200000
626 2094 3.00
627 2095 0.60
628 2096 1.00
629 2097 0.60
630 2098 0.80
631 2099 2.40
632 2100 1.00
633 2101 0.20
634 2102 0.60
635 2103 3.60
636 2104 0.20
637 2105 0.20
638 2106 0.00
639 2107 0.00
640 2108 1.20
641 2109 0.00
642 2110 0.40
643 2111 0.40
644 2112 3.00
645 2113 4.40
646 2114 3.20
647 2115 3.40
648 2116 3.40
649 2117 3.60
650 2118 0.80
651 2119 0.80
652 2120 1.00
653 2121 1.60
654 2122 1.00
655 2123 3.20
656 2124 2.00
657 2125 0.00
658 2126 0.60
659 2127 0.00
660 2128 1.40
661 2129 2.00
662 2130 2.60
663 2131 4.20
664 2132 2.80
665 2133 0.00
666 2134 0.00
667 2135 2.00
668 2136 0.00
669 2137 2.60
670 2138 2.60
671 2139 0.00
672 2140 2.60
673 2141 0.00
674 2142 1.60
675 2143 0.00
676 2144 0.60
677 2145 1.80
678 2146 3.80
679 2147 1.60
680 2148 3.20
681 2149 2.60
682 2150 3.00
683 2151 1.40
684 2152 1.60
685 2153 1.60
686 2154 1.00
687 2155 1.80
688 2156 1.80
689 2157 1.40
690 2158 2.60
691 2159 2.00
692 2160 1.00
693 2161 1.40
694 2162 0.60
695 2163 1.40
696 2164 0.40
697 2165 1.80
698 2166 4.00
699 2167 0.60
700 2168 2.80
701 2169 2.60
702 2170 2.60
703 2171 0.60
704 2172 4.40
705 2173 2.20
706 2174 1.00
707 2175 0.00
708 2176 1.60
709 2177 1.80
710 2178 3.80
711 2179 3.00
712 2180 1.40
713 2181 3.00
714 2182 0.40
715 2183 3.60
716 2184 3.40
717 2185 2.80
718 2186 4.20
719 2187 4.20
720 2188 1.80
721 2189 1.00
722 2190 2.00
723 2191 1.00
724 2192 1.60
725 2193 2.60
726 2194 3.20
727 2195 0.40
728 2196 0.00
729 2197 0.00
730 2198 2.20
731 2199 1.50
732 2200 0.60
733 2201 4.00
734 2202 1.80
735 2203 0.60
736 2204 1.60
737 2205 2.40
738 2206 1.00
739 2207 2.00
740 2208 1.60
741 2209 0.20
742 2210 0.20
743 2211 2.00
744 2212 0.00
745 2213 3.20
746 2214 1.00
747 2215 2.00
748 2216 2.40
749 2217 0.00
750 2218 1.60
751 2219 3.80
752 2220 1.20
753 2221 2.00
754 2222 1.00
755 2223 2.00
756 2224 0.60
757 2225 0.00
758 2226 0.00
759 2227 3.40
760 2228 2.60
761 2229 0.40
762 2230 2.80
763 2231 2.00
764 2232 1.60
766 2234 2.20
767 2235 0.60
768 2236 2.60
769 2237 3.00
770 2238 2.20
771 2239 1.80
772 2240 0.60
773 2241 0.00
774 2242 1.60
775 2243 0.80
776 2244 0.20
777 2245 1.00
778 2246 2.80
779 2247 0.60
780 2248 2.80
781 2249 1.60
782 2250 1.40
783 2251 1.40
784 2252 3.00
785 2253 3.20
786 2254 2.80
787 2255 3.40
788 2256 2.00
789 2257 2.80
790 2258 0.00
791 2259 0.20
792 2260 0.80
793 2261 0.00
794 2262 4.20
795 2263 0.20
796 2264 3.20
797 2265 0.00
798 2266 0.60
799 2267 0.00
800 2268 4.80
801 2269 3.80
802 2270 1.80
803 2271 0.40
804 2272 2.60
805 2273 1.60
806 2274 1.40
807 2275 2.00
808 2276 1.80
809 2277 1.20
810 2278 0.80
811 2279 2.20
812 2280 3.20
813 2281 1.40
814 2282 1.40
815 2283 0.00
816 2284 1.60
817 2285 0.80
818 2286 2.80
819 2287 1.80
820 2288 0.67
821 2289 2.60
822 2290 0.40
823 2291 2.40
824 2292 2.80
825 2293 2.00
826 2294 3.00
827 2295 2.60
828 2296 1.80
829 2297 3.80
830 2298 3.00
831 2299 1.40
832 2300 1.60
833 2301 0.00
834 2302 0.60
835 2303 0.00
836 2304 3.40
837 2305 3.60
838 2306 2.20
839 2307 3.00
840 2308 1.80
841 2309 2.40
842 2310 2.60
843 2311 1.40
844 2312 1.60
845 2313 1.60
846 2314 1.40
847 2315 2.80
848 2316 3.80
849 2317 3.40
850 2318 0.00
851 2319 2.00
852 2320 0.00
853 2321 3.80
854 2322 0.20
855 2323 0.60
856 2324 1.80
857 2325 1.80
858 2326 1.20
859 2327 0.00
860 2328 1.00
861 2329 0.40
862 2330 0.80
863 2331 3.00
864 2332 3.80
865 2333 3.20
866 2334 2.60
867 2335 3.00
868 2336 2.60
869 2337 1.80
870 2338 2.60
871 2339 0.80
872 2340 1.60
873 2341 0.60
874 2342 2.60
875 2343 1.20
876 2344 0.00
877 2345 2.40
878 2346 0.40
879 2347 0.60
880 2348 1.00
881 2349 2.60
882 2350 4.00
883 2351 3.60
884 2352 2.60
885 2353 1.60
886 2354 4.00
887 2355 3.00
888 2356 0.60
889 2357 0.00
890 2358 0.40
891 2359 0.40
892 2360 2.00
893 2361 0.60
894 2362 0.00
895 2363 3.20
896 2364 2.80
897 2365 2.60
898 2366 2.80
899 2367 0.20
900 2368 3.20
901 2369 0.60
902 2370 3.60
903 2371 0.00
904 2372 0.00
905 2373 0.00
906 2374 0.00
907 2375 2.20
908 2376 0.00
909 2377 0.40
910 2378 0.00
911 2379 2.60
912 2380 0.80
913 2381 0.40
914 2382 3.00
915 2383 2.20
916 2384 0.60
917 2385 3.40
918 2386 2.20
919 2387 1.80
920 2388 0.80
921 2389 0.00
922 2390 1.60
923 2391 2.80
924 2392 1.67
925 2393 1.80
926 2394 2.80
927 2395 0.00
928 2396 0.60
929 2397 1.80
930 2398 0.40
931 2399 0.20
932 2400 0.00
933 2401 1.40
934 2402 0.00
935 2403 0.60
936 2404 0.80
937 2405 0.20
938 2406 2.20
939 2407 1.80
940 2408 0.20
941 2409 4.00
942 2410 4.20
943 2411 4.40
944 2412 3.00
945 2413 2.60
946 2414 0.60
947 2415 3.20
948 2416 2.60
949 2417 1.20
950 2418 3.00
951 2419 0.00
952 2420 2.60
953 2421 1.20
954 2422 2.80
955 2423 0.20
956 2424 1.80
957 2425 0.00
958 2426 0.00
959 2427 3.00
960 2428 0.00
961 2429 2.40
962 2430 0.40
963 2431 2.60
964 2432 0.00
965 2433 3.60
966 2434 1.80
967 2435 1.60
968 2436 2.00
969 2437 2.00
970 2438 0.00
971 2439 2.60
972 2440 0.40
973 2441 0.00
974 2442 0.20
975 2443 1.80
976 2444 1.60
977 2445 1.00
978 2446 0.60
979 2447 1.00
980 2448 2.80
981 2449 2.60
982 2450 3.40
983 2451 1.60
984 2452 4.00
985 2453 1.80
986 2454 0.20
987 2455 0.00
988 2456 1.40
989 2457 0.00
990 2458 1.20
991 2459 3.60
992 2460 3.00
993 2461 1.20
994 2462 1.80
995 2463 0.80
996 2464 1.20
997 2465 0.00
998 2466 3.20
999 2467 0.20
1000 2468 0.800
1001 2469 3.600
1002 2470 5.000
1003 2471 1.400
1004 2472 2.600
1005 2473 2.000
1006 2474 3.750
1007 2475 4.000
1008 2476 3.750
1009 2477 3.200
1010 2478 4.000
1011 2479 2.400
1012 2480 4.400
1013 2481 4.200
1014 2482 3.200
1015 2483 3.000
1016 2484 0.800
1017 2485 3.200
1018 2486 3.800
1019 2487 3.000
1020 2488 2.400
1021 2489 5.000
1022 2490 3.800
1023 2491 3.200
1024 2492 3.800
1026 2494 3.750
1027 2495 3.200
1028 2496 3.400
1029 2497 4.600
1030 2498 3.333
1031 2499 3.500
1032 2500 1.750
1033 2501 3.000
1034 2502 4.400
1035 2503 3.800
1036 2504 3.000
1037 2505 4.500
1038 2506 2.200
1039 2507 4.000
1040 2508 4.600
1041 2509 Yes, I do not wish to be present during this witness, Peterson, 31, calmly told the judge as he was returned to his cell.
1042 2510 4.400
1043 2511 5.000
1044 2512 5.000
1045 2513 3.200
1046 2514 2.200
1047 2515 3.250
1048 2516 3.750
1049 2517 3.200
1050 2518 4.400
1051 2519 2.600
1052 2520 3.500
1053 2521 3.750
1054 2522 3.500
1055 2523 4.250
1056 2524 2.400
1057 2525 3.250
1058 2526 3.800
1059 2527 3.400
1060 2528 3.500
1061 2529 2.400
1062 2530 3.800
1063 2531 3.800
1064 2532 4.000
1065 2533 And if that ain't a Democrat, then I must be in the wrong meeting," he said to thunderous applause from his supporters.
1067 2535 3.750
1068 2536 4.400
1069 2537 1.000
1070 2538 2.800
1071 2539 3.250
1072 2540 1.750
1073 2541 1.750
1074 2542 5.000
1075 2543 3.600
1076 2544 3.000
1077 2545 2.800
1078 2546 3.600
1079 2547 3.000
1080 2548 1.000
1081 2549 5.000
1082 2550 In a 6-3 ruling, the justices said such anti-psychotic drugs can be used only in "limited circumstances."
1083 2551 3.692
1084 2552 4.000
1085 2553 3.500
1086 2554 4.750
1087 2555 3.200
1088 2556 2.600
1089 2557 3.000
1090 2558 3.250
1091 2559 2.200
1092 2560 3.500
1093 2561 4.750
1094 2562 3.200
1095 2563 3.250
1096 2564 3.750
1097 2565 3.000
1098 2566 2.600
1099 2567 3.250
1100 2568 3.400
1101 2569 1.333
1102 2570 5.000
1103 2571 4.000
1104 2572 3.600
1105 2573 0.800
1106 2574 3.500
1107 2575 3.000
1108 2576 1.667
1109 2577 3.750
1110 2578 2.250
1111 2579 4.200
1112 2580 3.600
1113 2581 3.400
1114 2582 3.000
1115 2583 3.250
1116 2584 3.600
1117 2585 3.000
1118 2586 1.750
1119 2587 3.250
1120 2588 4.400
1121 2589 2.800
1122 2590 2.750
1123 2591 3.000
1124 2592 3.600
1125 2593 3.000
1126 2594 2.000
1127 2595 3.000
1128 2596 4.400
1129 2597 2.400
1130 2598 4.400
1131 2599 4.400
1132 2600 2.600
1133 2601 3.000
1134 2602 4.500
1135 2603 3.000
1136 2604 It just seems like all the issues that we support he doesn't, said Gabriela Lemus, the league's director of policy and legislation.
1137 2605 3.600
1138 2606 2.500
1139 2607 1.500
1140 2608 5.000
1141 2609 3.750
1142 2610 1.750
1143 2611 4.400
1144 2612 3.000
1145 2613 3.800
1146 2614 3.250
1147 2615 2.750
1148 2616 3.400
1149 2617 Playwright George Axelrod, who anticipated the sexual revolution with The Seven Year Itch and Will Success Spoil Rock Hunter?
1150 2618 3.000
1151 2619 3.250
1152 2620 5.000
1153 2621 3.333
1154 2622 3.600
1155 2623 3.800
1156 2624 3.000
1157 2625 4.250
1158 2626 3.500
1159 2627 3.200
1160 2628 2.400
1161 2629 4.000
1162 2630 4.667
1163 2631 3.333
1164 2632 3.000
1165 2633 3.250
1166 2634 4.000
1167 2635 3.500
1168 2636 2.000
1169 2637 3.600
1170 2638 3.400
1171 2639 3.500
1172 2640 2.400
1173 2641 3.500
1174 2642 2.800
1175 2643 4.800
1176 2644 3.000
1177 2645 3.400
1178 2646 3.250
1179 2647 4.750
1180 2648 3.600
1181 2649 4.200
1182 2650 2.000
1183 2651 3.800
1184 2652 1.600
1185 2653 3.250
1186 2654 5.000
1187 2655 3.417
1188 2656 2.750
1189 2657 4.111
1190 2658 3.600
1191 2659 3.600
1192 2660 4.333
1193 2661 3.200
1194 2662 2.250
1195 2663 4.500
1196 2664 2.750
1197 2665 4.000
1198 2666 3.400
1199 2667 2.200
1200 2668 3.250
1201 2669 3.667
1202 2670 4.750
1203 2671 3.500
1204 2672 3.000
1205 2673 3.250
1206 2674 3.600
1207 2675 3.800
1208 2676 1.000
1209 2677 3.333
1210 2678 4.250
1211 2679 1.750
1212 2680 2.750
1213 2681 3.250
1214 2682 2.500
1215 2683 3.091
1216 2684 4.400
1217 2685 4.800
1218 2686 5.000
1219 2687 3.000
1220 2688 3.200
1221 2689 4.4
1222 2690 1.8
1223 2691 4
1224 2692 1
1225 2693 0.6
1226 2694 4.6
1227 2695 1.8
1228 2696 1.2
1229 2697 4.6
1230 2698 1.4
1231 2699 3.2
1232 2700 2.8
1233 2701 0.8
1234 2702 3.8
1235 2703 3.8
1236 2704 4.2
1237 2705 1.6
1238 2706 3.8
1239 2707 1.4
1240 2708 3.6
1241 2709 1.8
1242 2710 3.8
1243 2711 0.2
1244 2712 1.6
1245 2713 0.4
1246 2714 2.33333333333333
1247 2715 0.4
1248 2716 3.6
1249 2717 3.4
1250 2718 2.6
1251 2719 2.2
1252 2720 2.6
1253 2721 4.8
1254 2722 4.8
1255 2723 4.8
1256 2724 2.6
1257 2725 1.6
1258 2726 2.2
1259 2727 1
1260 2728 1.2
1261 2729 3.4
1262 2730 0.6
1263 2731 3.2
1264 2732 3.2
1265 2733 1.8
1266 2734 1.2
1267 2735 1.6
1268 2736 4.8
1269 2737 3.6
1270 2738 3.8
1271 2739 3
1272 2740 3.6
1273 2741 4.4
1274 2742 2
1275 2743 2.4
1276 2744 3.2
1277 2745 3.4
1278 2746 2.8
1279 2747 3.2
1280 2748 1.8
1281 2749 2.8
1282 2750 3.4
1283 2751 4.6
1284 2752 3.8
1285 2753 1.6
1286 2754 0.8
1287 2755 1
1288 2756 2.6
1289 2757 4.2
1290 2758 4.4
1291 2759 2.2
1292 2760 2.6
1293 2761 2.8
1294 2762 4
1295 2763 3.2
1296 2764 0
1297 2765 1.8
1298 2766 0
1299 2767 2.6
1300 2768 2.75
1301 2769 3.2
1302 2770 1.8
1303 2771 4.2
1304 2772 4.2
1305 2773 2.6
1306 2774 4.2
1307 2775 2
1308 2776 5
1309 2777 0.8
1310 2778 3.8
1311 2779 1.6
1312 2780 3.4
1313 2781 0.6
1314 2782 1.4
1315 2783 3.8
1316 2784 1.2
1317 2785 3
1318 2786 2.2
1319 2787 1
1320 2788 2.2
1321 2789 1.8
1322 2790 0
1323 2791 4.2
1324 2792 0.4
1325 2793 2.6
1326 2794 0.6
1327 2795 3.8
1328 2796 0
1329 2797 5
1330 2798 1
1331 2799 3.2
1332 2800 2.8
1333 2801 4.6
1334 2802 3.4
1335 2803 1.2
1336 2804 4
1337 2805 1.8
1338 2806 4
1339 2807 2.4
1340 2808 1.8
1341 2809 3.8
1342 2810 1.4
1343 2811 2.6
1344 2812 1.4
1345 2813 1.6
1346 2814 4.8
1347 2815 0.8
1348 2816 3.4
1349 2817 3.2
1350 2818 2.2
1351 2819 1.2
1352 2820 3
1353 2821 2.6
1354 2822 0.4
1355 2823 4.6
1356 2824 4
1357 2825 2.8
1358 2826 3.8
1359 2827 0
1360 2828 3.4
1361 2829 4.6
1362 2830 0.8
1363 2831 3.8
1364 2832 2.2
1365 2833 3.2
1366 2834 5
1367 2835 1.6
1368 2836 2.2
1369 2837 0.8
1370 2838 3.6
1371 2839 2.5
1372 2840 3
1373 2841 2.2
1374 2842 0
1375 2843 0.2
1376 2844 3.20
1377 2845 5.00
1378 2846 2.20
1379 2847 4.40
1380 2848 3.80
1381 2849 1.20
1382 2850 4.60
1383 2851 3.80
1384 2852 1.40
1385 2853 3.80
1386 2854 0.00
1387 2855 1.60
1388 2856 5.00
1389 2857 0.40
1390 2858 2.40
1391 2859 3.20
1392 2860 3.80
1393 2861 2.60
1394 2862 1.00
1395 2863 4.00
1396 2864 2.00
1397 2865 2.20
1398 2866 4.60
1399 2867 4.40
1400 2868 1.80
1401 2869 0.00
1402 2870 0.00
1403 2871 2.00
1404 2872 3.40
1405 2873 0.20
1406 2874 2.40
1407 2875 0.00
1408 2876 0.40
1409 2877 1.80
1410 2878 0.80
1411 2879 0.40
1412 2880 2.20
1413 2881 1.80
1414 2882 4.60
1415 2883 2.20
1416 2884 1.00
1417 2885 1.00
1418 2886 4.20
1419 2887 0.40
1420 2888 0.20
1421 2889 0.00
1422 2890 0.00
1423 2891 0.00
1424 2892 0.60
1425 2893 0.60
1426 2894 4.00
1427 2895 0.00
1428 2896 0.80
1429 2897 3.20
1430 2898 4.80
1431 2899 4.20
1432 2900 2.20
1433 2901 1.00
1434 2902 3.60
1435 2903 1.60
1436 2904 3.00
1437 2905 2.40
1438 2906 0.40
1439 2907 0.00
1440 2908 5.00
1441 2909 1.20
1442 2910 1.40
1443 2911 4.00
1444 2912 4.60
1445 2913 3.40
1446 2914 0.40
1447 2915 0.00
1448 2916 4.80
1449 2917 5
1450 2918 4
1451 2919 4
1452 2920 3
1453 2921 5
1454 2922 2
1455 2923 3
1456 2924 3
1457 2925 1
1458 2926 5
1459 2927 2
1460 2928 2
1461 2929 2
1462 2930 5
1463 2931 3
1464 2932 3
1465 2933 0
1466 2934 2
1467 2935 0
